f190c32e5415978f
595410448575
819538758160
721322371888
463504836680
792207579264
462695860565
204666586645
210012674539
660395701794
942752994031
637939545861
653736596699
208933823297
943413107453
621241728292
133646168143
478125022068
553419097934
239954327090
936882003918
362951474998
544962368194
268069989389
233185442174
802357901820
240403074408
815010974893
165804010806
320811599001
734880412498
164763216409
328950863062
333467306521
667390650492
181153937173
886896293738
151264859088
757911690835
578101381666
714769477790
547287844891
253151488069
578664442173
366148415595
770711431340
148499192909
611720596983
997516608891
219667265727
378756596269
520100096676
504663948718
909353979044
895228388849
879004485857
951110654549
796720899165
571748950654
748537792399
193631806298
648053655848
707224353713
709178384369
234960912740
560789317284
317267057656
454019511557
258750654833
275889412085
332501988128
236606954227
126868623889
542099100062
746121766038
398201467433
744106548432
318420222046
178269314943
623294718445
520380997352
126126780459
349826157708
797206224587
885503536885
486650614422
183184032951
164589888447
736598630737
806665747322
472578658737
712678019966
423247509012
696699177348
691563039344
228091086984
100435752120
534596515162
330199082212
301041170926
904383170693
110170353194
279545142176
775757429536
531333761237
712359871309
906017971756
970961617120
224384043605
945229207964
883206996368
319221662456
798427875189
184133363098
173719064640
299011643163
658295692521
408379356335
878631961506
758306243859
890166804908
971710769726
797134653224
153537601049
231332040370
896944129513
863932290460
452742923815
748385777533
106084753214
156994441510
576730907238
278924764333
222250737808
993224280039
277095025891
116832374968
404732628141
954627192727
574901999246
846225927227
103517541914
212556658584
608883214585
854145758590
144605189793
542615697689
866957633964
577063609456
982444587121
547792016060
499914111625
461288897890
780818889063
832404788992
941081091846
642350736017
708507192597
694441457688
380812210418
673433930451
761050784138
528862488228
769615575291
557947038185
244952521964
959452259826
648754907574
966300673381
185636946230
741794279514
432150875000
741974102961
645499611280
204948762815
188410510714
826948292914
563373776195
124410609902
796812935481
561583557208
751742163733
543926306298
676079537706
439019937701
113022560625
688747274711
309756675118
419178352943
561254707869
437898347864
917039086056
232440731434
360517113173
448039150446
942861987024
228087267806
816401710283
946496664401
566090265739
647568755996
181874481004
336047027204
349632645763
127692439615
163850078666
379024736764
181308903355
763799112294
241808910821
653337413165
379298609445
288010008807
234784418156
297964163516
760999135375
742621239852
278048866613
990515653144
899121241084
253724063203
195825758498
824434257988
513850406824
435129247025
481357078984
478412019229
974901791232
977673382187
120653195453
995604848745
112297359063
903985432919
221253927836
615221035016
659692866934
993791657561
132328681148
124062021973
679083029119
309836927228
867443762762
320593865804
240713161939
679500661333
266325090768
609127161163
357024991761
812185427884
556944422674
766683875330
994465253722
657556461033
604257169973
950128995753
711984786308
834710056636
256919907722
636145235058
700056541047
187348997696
328315839119
111628866612
919040393465
145043366085
873216129751
257084767064
560723194704
495654496799
646405472092
190599013895
881861782313
199000504882
854599801635
664966812644
583557463362
896841308929
337984397821
635554135371
235289748736
199261440493
142700472200
741471213827
967437871892
752528623625
570608389821
667635833027
881117689879
118506326732
117655606159
980304615653
949162694351
520698411790
537177458889
453650531300
907076643227
337003995910
889458957144
829964613130
957786493767
544260563145
563885660638
581060122655
139023342186
144653635978
885011851645
863457192143
427159789069
729070984034
538874018441
284926098210
676331536274
957479498420
980877806282
324967323486
716671829055
661402957317
411586622139
276806526392
160486260765
298578764311
131740029161
403482528983
990196587376
614871610143
512829842162
725606369129
726881384356
393522575239
944562361846
183369734854
103241730449
296811389001
345534665769
240380713127
789820146520
330210168746
448453065185
121905110564
448300792979
284106830398
796222081643
805091365502
710719026518
133176084752
710231790947
903757208337
708408594623
298476365651
317171774368
215316337675
299514454585
102350597204
145699853282
822422994276
468899461945
171209193305
829293719730
366912666802
299272881592
366273136241
176613417773
238617193560
937368986538
347355427068
395703103312
346632152290
204003892052
199759002636
683359883020
965614741818
421838561628
579369230910
115998180157
874690429845
959676367145
256019072751
903337421226
131546228718
317123186626
860205135796
491241444299
749289000843
398437972711
963232661669
825037604011
568646608669
449402452478
545867517932
309643779602
143090438292
756037482706
235573551173
827831240882
379456943966
428994580403
617413097704
302951799776
401646816348
822450548305
848689095438
917457128585
829979401638
261333520721
532406694016
323538330615
793781075020
175708302478
929632545220
907214214280
619785148631
666149346471
915830012731
392195947316
763921715715
648929302921
411248275402
194856629363
379075621394
854851586415
840443529571
666633654019
936390431972
980554511627
501010418808
285192029820
742696774258
516115866246
946601688761
780676832996
621643017395
397785358006
214314457004
608382941346
751106474242
159673529421
251520927906
804170067848
374463275829
783224999570
322221922327
683951290290
628295035578
268304378432
598001112489
673583276583
154110222141
674722692995
763658338544
980486073480
386658873842
608032744397
292599930718
343320946688
736418137736
448421309098
972064205670
221054066347
108827299799
146526408866
783260443175
207734411859
727850091002
235007810681
866499102719
384313763810
556442486509
729698800302
726391793989
443837297784
431504272273
919167196138
257198915088
951332372873
955892321331
566514311000
393403036573
624724183929
415073686430
572239164545
715586313977
848105957514
710996779871
471996767979
666690013594
953692206385
630758767299
268078219686
458734159280
433782729162
992647064136
818440876792
675075512447
169065970597
537133349697
832116723544
698282141100
384589408999
355398074874
444826966830
818702354255
469725445385
672963536448
873631160754
503806559310
623460722447
131013876110
674438776604
833379771792
111337059563
732979815760
151211500024
430643194219
645372112994
248966467037
490684352755
544382828210
223287940782
895602301564
621433645836
962163288460
788375467503
333887425420
421120123161
159705004000
196323182620
552619116915
220735094393
716502713861
400337993816
229972979040
279678083775
552763811341
990886374607
290817752842
530493639614
267744142255
551384217116
402341841364
217096025439
384559737614
616163066613
375569758016
875309229736
331552508550
942041209062
865346542323
129551062194
415288028550
229827616866
686368417269
904488981247
165263464333
457086801566
887837617178
575496092270
155403894427
608492907287
754319640242
406735262962
232425029861
915100939458
825381049100
250699506933
806140569302
238863375400
351585865698
408036924019
581792290225
963720272624
229428757598
371487992943
539480766475
879591020834
182783175969
602763699305
790775356956
370595739488
783442327248
216192408519
567580973581
343834634537
428331561176
767963651514
123340293340
760053336331
115969728614
474796913864
851649117081
852522203741
289758219240
310863777228
152363291761
545458079133
340675252667
456791081301
300275200501
108316244599
786954045901
899573797144
396437908633
707280936648
273322544674
407225219745
107215151134
640282444683
457383214168
926992976220
921135377022
266868996259
575710717471
380968745844
778627707550
969261394082
607245890134
257920047497
654718231650
805918761989
676563725147
625171849914
499764555790
543943331321
764594091874
409366501119
868306837260
681652497535
519372681995
319930020796
691113452734
897646205873
984400711517
614072601517
770499202543
987697795345
387191428468
527151932558
303994571331
775796621373
655581479242
117226903900
966443764466
310670177293
154385216742
997630377877
905609926879
984114189307
559970291620
856388686674
831365498409
332458840941
215332415300
286316281626
503545971515
507498763402
533247535510
174613534471
148544998700
228215651974
940079507459
525795855028
859729216122
549620896737
377821508092
116782158968
961750683786
110047040823
206949068693
207970950715
843835127733
743215461187
877663114081
459132128932
192124253444
466409212513
262100930609
623942437641
576150014107
581078328652
865093431091
221992985568
469519149921
747206421634
956046484646
312096763502
609886063117
217766187805
689524739933
915724280494
928292137011
244592292319
507116038326
464395617477
202949610704
191999516489
838154329191
269856824696
817548164684
819474431325
641879431918
140868780464
529162389294
519768662827
658611684260
295437021026
175838137083
223721965429
362519600368
642309981771
678936004790
508143055149
333558692058
430574447922
720309979481
768076438981
391159449293
591175970118
399399461074
639783480397
257242948582
519192352324
200312702476
485765555302
741141676235
170688671566
123979886267
678157612055
964004283290
572981460862
465453751755
541820305065
865261865744
572140561751
541436306501
743458552902
458734305863
466556753899
898109261198
538095059216
130954583367
900402977522
354346648259
409226520014
199289156388
915817584655
160387645200
163990887951
872432756881
187637723363
777047707779
769673718926
380855358383
789510707542
405546188221
442881830821
969779962554
465211791548
123028469711
927712252749
272268727718
203996450422
903860839431
524244580640
704996065696
543815041807
531776258730
153685207046
454286545321
851218238639
432948977769
371490971010
944995806483
751781236133
285076320877
764800917179
209812718715
409874914276
782545569845
795503864230
301560605954
181612019680
962764304901
475270196843
416076153697
389796474258
123732137328
383875923296
718243518447
394704109279
187931972167
767146896585
688762248964
859522724369
992619130592
575851770869
334227109171
734279642630
111586061375
231871383281
228097439945
507085164357
938481259354
432973005504
175134853716
996519507122
586760113624
332517309368
116886919222
683991976719
486345974780
455426524401
820795181072
209899936607
882079626634
636741437138
320505526858
382416152692
964035096326
594095917975
299959065416
972732221927
484780222951
170436551626
838841710034
595586681681
743659643690
108315956380
861970435739
898905447990
343178946146
842087576083
260194545285
511382985197
247567572108
619330281959
775389879434
421832425062
498598758756
787830789446
267124111697
389132320349
868744887095
209452126597
403571445361
406598753900
856745980459
587216125700
344254631652
769610427837
955669743008
616928221587
507192499476
820315044870
148541129159
299672588650
238031123462
268245283623
111619652823
976505799447
423736814036
910672123381
730402581608
371676963154
718428902023
501523947576
558431936545
155702788264
173930682554
442699469766
773983677166
564625360143
392616323140
596602515790
614717133317
936780990691
645132214690
643726860070
395362641098
953408151974
720570603851
634119303993
538525719214
294422589582
501673764168
806548932813
573685830321
945687902498
782646832782
974210973698
484467788729
419109530996
172157415941
900793023730
709264053482
371880419253
249100016274
615732023546
925285948078
436206300888
763703673434
742490087410
671121998915
395838974703
201560394992
438677169758
587881359948
770745538941
153153231850
671848793036
584000777170
196241663020
456461595161
979807011304
453792785478
807917126553
205221938154
589232599742
604813651875
668681791802
140422358720
591476731706
774128938630
199259991257
367608729828
499340126759
238554844947
298461530026
167580906941
733667978272
548953743911
664557438948
593056840762
313588570244
343661436252
754088564124
868882802512
849223885248
821124946708
639435242773
538368066395
260700240546
176828444901
151475943233
623321726704
372287100059
534585694041
318663219597
890370242341
555492172986
727277072063
538845039859
441133473370
219941047349
707109266764
445159576540
968837661563
775869100464
390475910821
352331605837
548943045791
617054357037
267496969927
694698664624
256364798918
298019124075
531315465074
192295010758
226864863061
204328288770
207229161187
806321690250
705193135174
239813013774
686735715953
770330548875
447556109551
479547320408
296569303266
408450632614
370990926302
162406193637
957806742462
676984874827
767223193913
722032934055
515121328795
690705253064
423586407522
780044156006
341262590807
720174641954
818581404808
950300458839
446839895103
271423256759
784653808505
528070815036
450488197950
884308148731
555767542065
762919030774
689493991623
660014458014
333343475230
268422436898
796492041310
983629721331
500040533043
640835673401
891067004980
601522606232
478031393744
834309374533
816803108275
856208504671
412586719550
864050588726
399199213886
543750144534
316624501543
731121607478
945369023978
112115171505
971864367294
392626617873
353011032429
638445849909
319929601105
784443659512
811083830706
738756975943
253162149689
162517223176
914452357011
188577295353
239916506335
953727368372
939770748757
358050096512
344097873772
232350837928
754867247182
790008747076
423710411629
163129838888
658897182961
474542731154
518181082683
276964148922
375529109422
898569640023
459224789803
270242103536
646430266445
973929042124
565016337898
843826129974
397316595871
272513651839
102434986536
222708443452
673833122707
221953434457
327147067201
422352551519
669530224706
340368449034
236292370495
652736188861
193201651525
313705697749
393540025356
476111214373
647849447258
944176058408
711279153159
459496273852
418542019757
823306588789
799710481451
887917726610
591430423358
208123857039
917603858199
229414391266
251188810095
403984223861
884487951887
667822018026
429144525054
682566160700
839037299626
344352740998
899363633310
388540911905
753422539343
773985397711
344957240109
613436417430
338389357014
527682351595
741874519143
940210743697
298831924662
496448201695
832447884330
487050147065
724626219258
378246223243
685955904804
103907756001
726489045197
453788184863
868469874611
100298351800
951628371768
442212883129
669249214362
707864731035
938950332189
952669449293
955951703523
106231645896
598589079012
672820641488
355924022330
365662570921
925524487081
660281996177
685838273452
385035044171
182053704380
328012474601
876939955665
128650401314
908882111922
539671961678
268173280963
190393187999
149599337637
655961608485
864449153134
738756182965
298305744579
897962409316
182321813203
521246458094
805155393809
918487608821
730339328993
431688106110
499580667581
997464806292
296333900641
168937484556
915964586715
802363117941
338917501320
140526345264
331526188832
779681109981
705448402554
289748476650
851184632532
668511272397
423734338067
349705771196
699167722764
652196390844
239737768384
852828963260
802130529168
989093713937
998549100708
849389009885
973549397016
688462280093
290893252530
213514379899
834157565676
522489240834
812435299494
240230284319
128187285202
590470779415
908150870917
962035093217
520184813591
876163052625
999026825600
138529817857
382163245675
864318989341
413357864631
897616191588
405859334902
807426594963
769904808281
131778913139
299859507078
258664172847
785179918747
177967807087
356360992642
512088199052
902125150100
134595525501
297333672137
716069657131
362448888223
794166136483
634847924473
150994079793
169886559172
695050672884
305334602349
487241271791
416651238751
620924966802
762542457957
264460168742
470339259475
801385299998
838958653856
158154410601
843557034915
492257993780
210458010681
924594480130
393534332288
839117804648
723946767406
440071723567
723989670119
452531644889
472766230907
975510150759
186513749118
348542259711
929622083820
272451486220
603736049947
932908547735
871805002375
511429080014
561540847989
932617136337
558468118517
188746478501
642597544117
303181663952
244726984681
742676096228
298471648740
365244776458
742347716362
595093648155
482581499160
948998988011
461788816626
799564031624
291266665336
849941446971
695362498498
811894243497
385233452626
924478911520
526280895391
924169028566
988643329202
378897942076
773353022458
228284650219
488109787321
430216273139
606097858905
799996794607
878869150957
942430955037
390039474495
219497845080
430391261426
166678819180
246949563576
669539397315
968695372481
738824944455
239803128830
977115513420
697636965215
112994618034
217212885919
289722525096
406431330563
534564689497
277108218422
902210676257
735679019557
981129710952
334423925657
675243623065
799159458390
324958473748
202564706767
811381075085
583657754667
695456797109
923410965676
979800468097
774090810876
245151877555
205631390752
805673079678
176197778145
747714195255
256068101675
865210417756
134061321706
781532172168
613959891121
152396286524
364724348935
377355638493
122769333613
708420366630
557168664678
933523389430
899379094708
629828747562
707920600337
627290640679
185423434153
996407188788
590549659014
175771979851
290520229467
284812701800
781325337151
725015400908
462169319133
458968901051
688298386259
170723106004
442082713123
553241138386
956071386841
739134534428
693712221848
589406473318
743524958430
381587564532
710740446879
193434782104
396764685757
161273167305
641300262083
803096091489
464554783178
635699343477
887688855921
782409896919
828503838916
963379897743
866341792128
883952322251
345268520436
288263754581
137832522494
825036444875
323040535541
280420241856
841663378942
368781623171
979582804303
736496267959
695613337792
526087223982
954080317446
168460704692
244408295080
719526701008
270071280897
934151894923
567479487813
575177321230
171724203195
688143603940
280575726238
833401362856
680726585796
756445286592
890994917806
794594356828
546050772397
163552277480
991200635075
740916000927
883862717906
965361313595
500589389274
900019284973
529839025290
366467244785
390174073440
441793717687
151158218813
225356455438
649949324023
224137865140
890431689065
876012671706
383704392273
628777205333
638839829026
419450657552
541049120077
453142743552
260739299477
163693641573
121418806028
349326024220
817006775361
915709904129
309823187572
126126138118
959384890129
253824105205
629105747487
155204595402
293095924137
234119352518
218478456524
247363160362
329989175405
109345167839
473097831908
389960954215
279487136353
163847196817
104447819150
761485781060
449596528833
693034376834
906295343337
464295909524
155249649623
180899012556
435983816076
941547379227
656241522162
554105386529
245830504601
469322964012
472028876653
616162803761
924393243687
539977988455
345656018453
390198288603
432372215820
177718881528
254073828157
623844772509
742912246758
352430059535
787116960008
834760601214
121071522957
382764693618
742405260762
400295468985
802222050606
844514974089
108434831009
219818950469
854147688994
725277607920
733124382300
903226824977
432605352856
191430074481
800082613824
864141182678
665114834220
758433302095
159862121159
621319608103
622743287675
280476391084
488465500498
936789316465
764649313248
200478972111
670369221230
644221692414
765153103269
426466939489
628331124726
246062979313
558097553861
625336967220
947246713175
482936736324
158266371611
850025715056
264320455134
603833509607
344624713052
941099045181
722817184456
390603690331
215147871200
168777190350
511659450450
315268744290
448003821709
606411240994
438136626858
733666832753
628855055693
851426630630
405991027284
343948257439
829045558751
234749436351
596146908426
663436367042
744438235806
584730804930
772347950733
102369512432
729668755303
936585435311
358968782664
138039815335
287581239792
603359515186
363266225359
417844290702
598611407614
149443794328
339335736722
344763866286
799882894483
832647601427
916039100525
623786060903
448782379791
605849104867
136168242740
272786938680
130778944678
294237738194
879111737045
126387758765
496253682331
489164151068
964288714066
686302333434
236104685796
524613653374
757616488192
396690265972
930893467287
327318385892
328277146263
648032074550
833298209226
756524165081
728048815190
638041581353
368639505355
974427349364
790467315469
543131311646
963244307303
613297681189
872083750017
178946516760
635413473471
330302418712
883083621309
353483330967
808758950735
866047490095
879533167037
841306991380
332675670695
947851420138
114518540818
832385235254
619714372019
903767487300
570443414176
734053105534
134620490945
178369746829
519750700073
829624272344
794804909064
566318706640
786333873640
622164759277
467012471552
204722056963
704903664142
216944711914
869953293871
490306314157
600575815117
821083742034
117663031605
612414759595
835945210622
763905411195
563357620948
517847446848
297912272394
766516742532
728547719056
948558933008
121527294674
914127995881
627179082649
218229326304
673118064943
809628762720
519564107397
218724057771
739966685409
211935622726
355870142854
172458431799
898800923386
387627224004
193930496130
971682182265
660366119410
329382397566
301143423925
870699921453
812342867214
219736732270
775224965758
422042889495
107876246322
443673482313
743581166112
572607884851
871982431578
878564360884
126065236585
560778763434
523097957462
914975683042
870885427058
680546205843
232037454794
886855726586
298429096608
803641535953
965625586958
414618780679
912768746473
175699908100
587268446685
189641543130
965615485690
627468853977
511730549558
453687463494
482485617948
267077379081
936382584705
451774806891
985846122012
944381700410
796185770500
662003827845
775004358893
803402915827
814678465240
830858782074
447507892090
163872341406
148230538640
567500588015
271819868084
597900149152
745831281519
475565363083
946035702602
692782981055
471676218697
225984881131
602406714267
315965977429
362818810356
999344236494
942436082375
223175089936
319152346525
151292633640
512313179434
275735123959
947987865730
379522594535
153451393700
658089213093
710493583500
995833616753
887895633157
811535324631
242261534375
331795487230
823364579232
925195492121
745267094162
731527184146
587693714070
250233219634
673486837970
610106833336
927444625504
228334881239
559440662284
581128457233
630446083809
850470687707
853923298047
481920989492
457032669314
486950782443
376191458174
349945353615
989746693053
654792072193
496871779975
628885031794
536268592743
313411562391
600855303009
707946022882
345341941892
504661728933
302444293296
522881528528
320458395150
778223474959
710016678283
272257125586
141068204778
568372452549
862474191855
727472119206
226082107450
913134318011
984739312740
540052532976
799430048629
331844412332
134567129101
674731544529
242442362663
502127737236
337937380328
221832802853
442819191028
702314671466
735292520474
467472415602
974953548976
710308063036
585887342686
125095183470
171373937005
574917457251
502515760970
856860581586
670071699555
300675861528
513880469698
138394326503
147479329083
912154947629
976870976603
945421048858
371864790517
488794032019
886015830251
465793568295
436907883197
586258728220
952374410352
365434686358
560223963405
885344605180
149134121986
361706812886
756600970830
634441859543
746178489531
982725348332
520715061955
476576141335
180891890783
216131117422
479090773599
277041614760
537466420345
475837810091
896071039710
492641668515
931976616069
240269839124
243562977941
448552760536
425487557751
740606241856
869324856277
613827394975
612462185855
702546444397
223559975197
891551495014
856733208636
970113267636
328583043269
664671974886
972305264417
565008919732
901324734737
263510116664
271253223693
160039709720
263439892991
145976347327
125981915600
370124817931
498785289769
606502082024
318113129917
489405025476
943032236347
554704235732
371265319931
827966919533
315179923018
429797982069
189991931103
326698161552
125734923963
141773394985
852143653471
253789516147
421322817558
255351853831
326920448944
711399234498
750496896530
457737264165
715878899549
305995389461
560510514813
376178370407
639160439437
560891803127
659817784009
836357366932
614206224573
674493264634
406068891351
277620473514
899224182830
852765578376
804365295235
166066358967
298673857556
269446039826
525540714847
171507696678
153034768408
232510073596
879233136379
999321688939
860123734888
860409583992
901513973676
593205158944
100227013754
496598638703
841839545458
249849799236
362312702479
115862136469
159090732007
511553128539
293589038616
800963126293
661466489822
227781020695
419674349024
593124328472
449996584187
701697163169
907644272081
844859384190
550439493099
862675154616
769221503931
928669873441
443330822391
230809034843
926374395988
880123111733
326948058062
564437534195
286589299320
278826906113
272957163323
906698083817
300082694831
795816542503
159506705535
772125786650
396218843035
260869816100
891535121128
339313357062
221398033444
528265624893
443056703107
240647302764
525681683718
344501837495
981192006402
165136309960
170419509388
446487948647
356708302596
215347165716
454144632088
643728267081
870835544607
184464077947
279001867242
363011155846
953123761195
244486827555
104975454745
859120130111
410107174221
461583499147
464181198676
320082097852
629540871370
379613352263
832489071698
320468742922
249975776528
137835572832
380741659227
901266490108
530437100093
313819312576
552834331383
479830615833
679972366794
607570816401
642922470868
818439353138
531834424590
407893320453
269021571029
404963279687
272065056134
906995004536
365265807163
324165991632
657244817645
554361130835
840090633820
123151425863
181174894310
165905552071
472605138563
999473545147
275256255087
929417446102
344419644583
565423943113
152332170967
372318761837
629194299350
567013224431
928759372827
582748253599
587174255675
561161388560
184473503925
899987354116
136977068373